85223
89449
89452
89453
89455
89458
89465
89471
89525
89550
89552
89625
89626
89639
89640
89649
89650
89655
89701
89705
89710
86056
86057
86062
86063
86064
86066
86075
86076
86078
86093
86096
86097
86102
86206
86208
86211
86213
86214
86223
86224
86225
86229
86230
86232
86241
86243
86247
86249
86251
86253
86360
86362
86363
86364
86365
86368
86374
86378
86383
86394
86395
86399
86401
86403
86404
86506
86508
86513
86516
86520
86524
86526
86528
86531
86544
86547
86553
86658
86665
86666
86669
86673
86674
86675
86676
86677
86679
86680
86681
86682
86685
86686
86687
87155
87156
87158
87160
87165
87169
87172
87174
87175
87299
87301
87303
87304
87307
87311
87318
87319
87321
87323
87324
87325
87432
87435
87447
87448
87458
87467
87470
87473
87584
87588
87594
87595
87600
87605
87612
87619
87621
87628
87746
87765
87770
87773
87774
87888
87893
87898
87900
87901
87903
87905
87909
87913
87923
87928
87929
88030
88031
88037
88039
88052
88053
88186
88190
88192
88193
88194
88195
88201
88203
88214
88222
88225
88226
88227
88233
88234
88337
88353
88360
88365
88366
88367
88370
88375
89438
89440
89460
89466
89468
89470
89528
89634
89645
89663
89672
89700
84595
84714
85129
85137
85310
85321
85350
86058
86071
86072
86094
86215
86217
86219
86233
86236
86254
86373
86380
86385
86507
86515
86527
86546
86664
86672
86683
86684
86697
86700
86703
86997
87153
87290
87294
87313
87314
87431
87434
87437
87442
87446
87465
87477
87586
87589
87591
87592
87597
87598
87608
87620
87730
87755
87881
87894
87915
88036
88204
88210
88232
88340
88341
88359
88369
88378
88379
88380
88381
88383
88385
88576
89428
89434
89443
89448
86059
86060
86061
86067
86068
86069
86073
86079
86081
86082
86091
86092
86095
86098
86101
86210
86212
86216
86220
86222
86231
86235
86237
86239
86240
86244
86245
86246
86255
86371
86372
86375
86376
86377
86379
86381
86382
86384
86386
86387
86388
86393
86398
86400
86510
86511
86514
86523
86535
86543
86554
86657
86659
86660
86662
86668
86670
86671
86693
86696
86699
86704
86705
86980
86987
86988
86993
86994
86998
86999
87000
87001
87002
87005
87009
87025
87130
87131
87135
87140
87141
87143
87150
87157
87161
87168
87280
87282
87283
87285
87288
87291
87292
87302
87306
87309
87315
87317
87322
87326
87328
87329
87430
87439
87445
87450
87460
87463
87601
87603
87606
87614
87615
87616
87625
87627
87731
87732
87734
87735
87736
87738
87739
87740
87749
87750
87751
87752
87756
87762
87763
87767
87768
87769
87771
87772
87775
87776
87777
87889
87895
87904
87906
87907
87908
87910
87911
87912
87914
87916
87917
87919
87921
87925
87926
88033
88034
88038
88042
88044
88046
88047
88050
88051
88054
88188
88189
88191
88205
88206
88208
88211
88213
88215
88216
88217
88224
88336
88339
88344
88345
88346
88347
88348
88349
88352
88354
88356
88357
88358
88361
88362
88364
88368
88371
88372
88373
88374
88376
88377
85223
89449
89452
89453
89455
89458
89465
89471
89525
89550
89552
89625
89626
89639
89640
89649
89650
89655
89701
89705
89710
86056
86057
86062
86063
86064
86066
86075
86076
86078
86093
86096
86097
86102
86206
86208
86211
86213
86214
86223
86224
86225
86229
86230
86232
86241
86243
86247
86249
86251
86253
86360
86362
86363
86364
86365
86368
86374
86378
86383
86394
86395
86399
86401
86403
86404
86506
86508
86513
86516
86520
86524
86526
86528
86531
86544
86547
86553
86658
86665
86666
86669
86673
86674
86675
86676
86677
86679
86680
86681
86682
86685
86686
86687
87155
87156
87158
87160
87165
87169
87172
87174
87175
87299
87301
87303
87304
87307
87311
87318
87319
87321
87323
87324
87325
87432
87435
87447
87448
87458
87467
87470
87473
87584
87588
87594
87595
87600
87605
87612
87619
87621
87628
87746
87765
87770
87773
87774
87888
87893
87898
87900
87901
87903
87905
87909
87913
87923
87928
87929
88030
88031
88037
88039
88052
88053
88186
88190
88192
88193
88194
88195
88201
88203
88214
88222
88225
88226
88227
88233
88234
88337
88353
88360
88365
88366
88367
88370
88375
89438
89440
89460
89466
89468
89470
89528
89634
89645
89663
89672
89700
84595
84714
85129
85137
85310
85321
85350
86058
86071
86072
86094
86215
86217
86219
86233
86236
86254
86373
86380
86385
86507
86515
86527
86546
86664
86672
86683
86684
86697
86700
86703
86997
87153
87290
87294
87313
87314
87431
87434
87437
87442
87446
87465
87477
87586
87589
87591
87592
87597
87598
87608
87620
87730
87755
87881
87894
87915
88036
88204
88210
88232
88340
88341
88359
88369
88378
88379
88380
88381
88383
88385
88576
89428
89434
89443
89448
86059
86060
86061
86067
86068
86069
86073
86079
86081
86082
86091
86092
86095
86098
86101
86210
86212
86216
86220
86222
86231
86235
86237
86239
86240
86244
86245
86246
86255
86371
86372
86375
86376
86377
86379
86381
86382
86384
86386
86387
86388
86393
86398
86400
86510
86511
86514
86523
86535
86543
86554
86657
86659
86660
86662
86668
86670
86671
86693
86696
86699
86704
86705
86980
86987
86988
86993
86994
86998
86999
87000
87001
87002
87005
87009
87025
87130
87131
87135
87140
87141
87143
87150
87157
87161
87168
87280
87282
87283
87285
87288
87291
87292
87302
87306
87309
87315
87317
87322
87326
87328
87329
87430
87439
87445
87450
87460
87463
87601
87603
87606
87614
87615
87616
87625
87627
87731
87732
87734
87735
87736
87738
87739
87740
87749
87750
87751
87752
87756
87762
87763
87767
87768
87769
87771
87772
87775
87776
87777
87889
87895
87904
87906
87907
87908
87910
87911
87912
87914
87916
87917
87919
87921
87925
87926
88033
88034
88038
88042
88044
88046
88047
88050
88051
88054
88188
88189
88191
88205
88206
88208
88211
88213
88215
88216
88217
88224
88336
88339
88344
88345
88346
88347
88348
88349
88352
88354
88356
88357
88358
88361
88362
88364
88368
88371
88372
88373
88374
88376
88377
85223
89449
89452
89453
89455
89458
89465
89471
89525
89550
89552
89625
89626
89639
89640
89649
89650
89655
89701
89705
89710
86056
86057
86062
86063
86064
86066
86075
86076
86078
86093
86096
86097
86102
86206
86208
86211
86213
86214
86223
86224
86225
86229
86230
86232
86241
86243
86247
86249
86251
86253
86360
86362
86363
86364
86365
86368
86374
86378
86383
86394
86395
86399
86401
86403
86404
86506
86508
86513
86516
86520
86524
86526
86528
86531
86544
86547
86553
86658
86665
86666
86669
86673
86674
86675
86676
86677
86679
86680
86681
86682
86685
86686
86687
87155
87156
87158
87160
87165
87169
87172
87174
87175
87299
87301
87303
87304
87307
87311
87318
87319
87321
87323
87324
87325
87432
87435
87447
87448
87458
87467
87470
87473
87584
87588
87594
87595
87600
87605
87612
87619
87621
87628
87746
87765
87770
87773
87774
87888
87893
87898
87900
87901
87903
87905
87909
87913
87923
87928
87929
88030
88031
88037
88039
88052
88053
88186
88190
88192
88193
88194
88195
88201
88203
88214
88222
88225
88226
88227
88233
88234
88337
88353
88360
88365
88366
88367
88370
88375
89438
89440
89460
89466
89468
89470
89528
89634
89645
89663
89672
89700
84595
84714
85129
85137
85310
85321
85350
86058
86071
86072
86094
86215
86217
86219
86233
86236
86254
86373
86380
86385
86507
86515
86527
86546
86664
86672
86683
86684
86697
86700
86703
86997
87153
87290
87294
87313
87314
87431
87434
87437
87442
87446
87465
87477
87586
87589
87591
87592
87597
87598
87608
87620
87730
87755
87881
87894
87915
88036
88204
88210
88232
88340
88341
88359
88369
88378
88379
88380
88381
88383
88385
88576
89428
89434
89443
89448
86059
86060
86061
86067
86068
86069
86073
86079
86081
86082
86091
86092
86095
86098
86101
86210
86212
86216
86220
86222
86231
86235
86237
86239
86240
86244
86245
86246
86255
86371
86372
86375
86376
86377
86379
86381
86382
86384
86386
86387
86388
86393
86398
86400
86510
86511
86514
86523
86535
86543
86554
86657
86659
86660
86662
86668
86670
86671
86693
86696
86699
86704
86705
86980
86987
86988
86993
86994
86998
86999
87000
87001
87002
87005
87009
87025
87130
87131
87135
87140
87141
87143
87150
87157
87161
87168
87280
87282
87283
87285
87288
87291
87292
87302
87306
87309
87315
87317
87322
87326
87328
87329
87430
87439
87445
87450
87460
87463
87601
87603
87606
87614
87615
87616
87625
87627
87731
87732
87734
87735
87736
87738
87739
87740
87749
87750
87751
87752
87756
87762
87763
87767
87768
87769
87771
87772
87775
87776
87777
87889
87895
87904
87906
87907
87908
87910
87911
87912
87914
87916
87917
87919
87921
87925
87926
88033
88034
88038
88042
88044
88046
88047
88050
88051
88054
88188
88189
88191
88205
88206
88208
88211
88213
88215
88216
88217
88224
88336
88339
88344
88345
88346
88347
88348
88349
88352
88354
88356
88357
88358
88361
88362
88364
88368
88371
88372
88373
88374
88376
88377
