86056
86057
86058
86059
86060
86061
86062
86063
86064
86066
86067
86068
86069
86071
86072
86073
86075
86076
86078
86079
86081
86082
86091
86092
86093
86094
86095
86096
86097
86098
86101
86102
86206
86208
86210
86211
86212
86213
86214
86215
86216
86217
86219
86220
86222
86223
86224
86225
86229
86230
86231
86232
86233
86235
86236
86237
86239
86240
86241
86243
86244
86245
86246
86247
86249
86251
86253
86254
86255
86360
86362
86363
86364
86365
86368
86371
86372
86373
86374
86375
86376
86377
86378
86379
86380
86381
86382
86383
86384
86385
86386
86387
86388
86393
86394
86395
86398
86399
86400
86401
86403
86404
86506
86507
86508
86510
86511
86513
86514
86515
86516
86520
86523
86524
86526
86527
86528
86531
86535
86543
86544
86546
86547
86553
86554
86657
86658
86659
86660
86662
86664
86665
86666
86668
86669
86670
86671
86672
86673
86674
86675
86676
86677
86679
86680
86681
86682
86683
86684
86685
86686
86687
86688
86689
86690
86691
86692
86693
86694
86696
86697
86698
86699
86700
86701
86702
86703
86704
86705
86980
86982
86987
86988
86993
86994
86996
86997
86998
86999
87000
87001
87002
87003
87005
87009
87010
87014
87015
87016
87020
87023
87025
87026
87028
87029
87130
87131
87132
87133
87134
87135
87136
87138
87139
87140
87141
87143
87146
87148
87150
87153
87155
87156
87157
87158
87160
87161
87165
87168
87169
87172
87174
87175
87280
87282
87283
87285
87288
87290
87291
87292
87294
87299
87301
87302
87303
87304
87306
87307
87309
87311
87313
87314
87315
87317
87318
87319
87321
87322
87323
87324
87325
87326
87328
87329
87430
87431
87432
87434
87435
87437
87439
87442
87445
87445
87446
87447
87448
87450
87458
87460
87463
87465
87467
87470
87473
87477
87584
87586
87588
87589
87591
87592
87594
87595
87597
87598
87600
87601
87603
87605
87606
87608
87612
87614
87615
87616
87619
87620
87621
87625
87627
87628
87730
87731
87732
87734
87735
87736
87738
87739
87740
87746
87749
87750
87751
87752
87752
87755
87756
87762
87763
87765
87767
87768
87769
87770
87771
87772
87773
87774
87775
87776
87777
87881
87888
87889
87893
87894
87895
87895
87898
87900
87901
87903
87904
87905
87906
87907
87908
87908
87909
87910
87911
87912
87913
87914
87914
87915
87916
87917
87919
87921
87923
87925
87926
87928
87929
88030
88031
88033
88034
88036
88037
88038
88038
88039
88042
88044
88046
88047
88050
88051
88052
88053
88054
88186
88188
88189
88190
88191
88192
88193
88194
88195
88201
88203
88204
88205
88206
88208
88210
88211
88213
88214
88215
88216
88217
88222
88224
88225
88226
88227
88232
88233
88234
88336
88337
88339
88340
88341
88344
88345
88346
88347
88348
88349
88352
88353
88354
88356
88357
88358
88359
88360
88361
88362
88364
88365
88366
88367
88368
88369
88370
88371
88372
88373
88374
88375
88376
88377
88378
88379
88380
88381
88383
88385
89428
89431
89434
89438
89440
89443
89448
89449
89452
89453
89455
89458
89460
89462
89465
89466
89468
89470
89471
89525
89528
89550
89552
89625
89626
89634
89639
89640
89645
89649
89650
89655
89663
89672
89700
89701
89705
89710